COG0012 363 13.1685220524485	369.0714285714
COG0016 405 68.5642470595482	368.667924528302
COG0018 793 30.7521786623955	564.370078740158
COG0048 136 10.3787918309079	128.919230769231 
COG0049 166 17.1907916565394	164.82196969697
COG0052 249 25.1187635607343	231.790874524715
COG0080 143 9.88429358666261	145.3143939394
COG0081 225 10.2050013550139	224.4507575758
COG0085 1339 204.614085919472	1208.4679245283
COG0087 289 70.8120261470437	249.3269961977
COG0088 284 48.8921801827129	229
COG0090 273 24.9510938860705	264.2067669173
COG0091 132 23.2484148620146	125.1056603774
COG0092 224 14.3285115464213	216.9550561798
COG0093 122 6.12294346587115	124.4924242424
COG0094 177 8.16207855536503	176.3782771536
COG0096 132 6.45800788076832	130.3632958802
COG0097 177 7.78022886042823	178.2716981132
COG0098 194 25.6488606304165	177.8157894737
COG0099 139 13.1623018700367	122.4694656489
COG0100 120 8.18988659410144	121.4
COG0102 157 16.7061344245457	149.7613636364
COG0103 137 11.687129397232	133.6856060606
COG0124 589 59.3006056564828	426.719844358
COG0172 435 35.3242532214724	431.3984962406
COG0184 154 27.1347254849081	103.7680608365
COG0185 127 21.8167912182534	102.1541353383
COG0186 126 24.3453747996713	93.6450381679
COG0197 171 27.6074423897155	150.5676691729
COG0200 148 14.8722816918439	138.0679245283
COG0201 446 27.8049896472483	442.2518796992
COG0202 325 35.2876134329881	314.4060150376
COG0215 573 96.7006626659423	491.5866141732
COG0256 227 61.7911239500217	139.6315789474
COG0495 830 85.6288911726861	877.3370786517
COG0522 201 17.6363824162674	194.6908396947
COG0525 1204 70.6496629245679	896.9886792453
COG0533 347 23.4666028664447	336.0418250951
COG0541 427 32.4399353392409	429.1488549618
COG0552 539 85.5955976278314	335.1254752852