a3;47	2	a675;47	674	43
a317;38	316	a9;25	8	39
a306;23	305	a657;40	656	34
a157;15	156	a365;8	364	33
a316;45	315	a658;12	657	31
a306;23	305	a317;38	316	26
a318;9	317	a3;47	2	23
a16;12	15	a650;33	649	21
a312;53	311	a339;8	338	16
a22;7	21	a3;47	2	13
a346;6	345	a661;4	660	13
a309;37	308	a659;14	658	12
a12;4	11	a309;37	308	11
a365;8	364	a650;33	649	9
a308;29	307	a786;7	785	9
a38;4	37	a661;4	660	9
a3;47	2	a719;7	718	8
a308;29	307	a696;4	695	7
a323;8	322	a650;33	649	7
a323;8	322	a4;4	3	7
a656;19	655	a673;4	672	7
a13;5	12	a671;4	670	6
a341;2	340	a45;3	44	6
a37;2	36	a438;2	437	5
a656;19	655	a68;2	67	5
a138;2	137	a362;2	361	5
a316;45	315	a55;9	54	5
a664;3	663	a689;3	688	5
a16;12	15	a346;6	345	4
a22;7	21	a760;3	759	4
a382;2	381	a697;4	696	4
a17;2	16	a683;3	682	4
a344;2	343	a701;3	700	4
a316;45	315	a331;3	330	4
a27;2	26	a98;2	97	4
a393;2	392	a733;3	732	4
a32;3	31	a45;3	44	4
a309;37	308	a697;4	696	4
a331;3	330	a370;2	369	4
a123;2	122	a378;2	377	4
a13;5	12	a17;2	16	4
a401;3	400	a785;3	784	4
a420;2	419	a54;2	53	3
a411;3	410	a655;2	654	3
a352;2	351	a651;2	650	3
a65;2	64	a795;2	794	3
a309;37	308	a718;2	717	3
a1;2	0	a347;2	346	3
a664;3	663	a705;2	704	3
a12;4	11	a13;5	12	3
a347;2	346	a405;2	404	3
a44;2	43	a838;2	837	3
a680;4	679	a906;4	905	3
a378;2	377	a692;2	691	3
a381;3	380	a66;4	65	3
a327;3	326	a701;3	700	3
a29;2	28	a362;2	361	3
a666;2	665	a701;3	700	3
a16;12	15	a97;2	96	3
a359;2	358	a663;2	662	3
a17;2	16	a671;4	670	3
a335;2	334	a353;3	352	3
a38;4	37	a650;33	649	3
a398;2	397	a65;2	64	3
a358;3	357	a373;2	372	3
a390;3	389	a80;2	79	2
a10;2	9	a716;4	715	2
a396;2	395	a58;2	57	2
a316;45	315	a37;2	36	2
a659;14	658	a697;4	696	2
a688;2	687	a697;4	696	2
a10;2	9	a412;3	411	2
a16;12	15	a323;8	322	2
a390;3	389	a678;2	677	2
a721;2	720	a73;2	72	2
a497;3	496	a795;2	794	2
a352;2	351	a654;3	653	2
a15;3	14	a357;2	356	2
a671;4	670	a683;3	682	2
a394;2	393	a698;2	697	2
a126;2	125	a403;2	402	2
a322;2	321	a333;2	332	2
a16;12	15	a661;4	660	2
a320;3	319	a760;3	759	2
a367;2	366	a6;2	5	2
a1;2	0	a331;3	330	2
a112;2	111	a717;3	716	2
a708;2	707	a8;3	7	2
a62;2	61	a676;2	675	2
a335;2	334	a6;2	5	2
a320;3	319	a83;2	82	2
a66;4	65	a703;2	702	2
a1;2	0	a370;2	369	2
a382;2	381	a427;3	426	2
a697;4	696	a781;2	780	2
a3;47	2	a46;2	45	2
a357;2	356	a364;3	363	2
a115;3	114	a312;53	311	2
a469;2	468	a650;33	649	2
a382;2	381	a700;2	699	2
a427;3	426	a700;2	699	2
a3;47	2	a62;2	61	2
a329;2	328	a341;2	340	2
a15;3	14	a364;3	363	2
a117;2	116	a19;2	18	2
a312;53	311	a354;2	353	2
a117;2	116	a497;3	496	1
a17;2	16	a702;2	701	1
a316;45	315	a689;3	688	1
a335;2	334	a689;3	688	1
a353;3	352	a689;3	688	1
a31;2	30	a699;2	698	1
a701;3	700	a711;2	710	1
a438;2	437	a692;2	691	1
a33;3	32	a45;3	44	1
a312;53	311	a337;2	336	1
a364;3	363	a369;2	368	1
a152;2	151	a74;2	73	1
a3;47	2	a676;2	675	1
a322;2	321	a739;2	738	1
a354;2	353	a708;2	707	1
a152;2	151	a418;2	417	1
a408;3	407	a432;2	431	1
a369;2	368	a664;3	663	1
a37;2	36	a692;2	691	1
a663;2	662	a757;2	756	1
a716;4	715	a94;2	93	1
a337;2	336	a8;3	7	1
a126;2	125	a757;2	756	1
a19;2	18	a497;3	496	1
a650;33	649	a698;2	697	1
a121;2	120	a362;2	361	1
a380;2	379	a54;2	53	1
a650;33	649	a722;2	721	1
a401;3	400	a655;2	654	1
a74;2	73	a767;2	766	1
a161;2	160	a7;2	6	1
a357;2	356	a405;2	404	1
a152;2	151	a767;2	766	1
a46;2	45	a785;3	784	1
a447;2	446	a779;2	778	1
a3;47	2	a804;2	803	1
a393;2	392	a714;3	713	1
a655;2	654	a785;3	784	1
a327;3	326	a666;2	665	1
a678;2	677	a80;2	79	1
a327;3	326	a711;2	710	1
a317;38	316	a657;40	656	1
a715;2	714	a866;2	865	1
a10;2	9	a94;2	93	1
a489;2	488	a785;3	784	1
a666;2	665	a711;2	710	1
a369;2	368	a705;2	704	1
a418;2	417	a74;2	73	1
a312;53	311	a403;2	402	1
a15;3	14	a369;2	368	1
a308;29	307	a330;2	329	1
a353;3	352	a367;2	366	1
a32;3	31	a33;3	32	1
a26;2	25	a5;33	4	1
a152;2	151	a683;3	682	1
a398;2	397	a497;3	496	1
a26;2	25	a401;3	400	1
a107;2	106	a7;2	6	1
a356;2	355	a426;2	425	1
a710;3	709	a723;2	722	1
a334;2	333	a676;2	675	1
a358;3	357	a362;2	361	1
a5;33	4	a60;2	59	1
a316;45	315	a371;2	370	1
