101792	730	74.22	205.13
53371	708	81.28	461.15
58153	795	77.48	339.48
88190	493	57.91	354.25
71430	395	36.33	279.57
84185	652	58.92	265.70
63486	1202	167.68	627.76
19189	961	119.13	675.98
77356	2550	221.18	760.75
14782	1258	97.85	719.25
88540	593	60.12	210.96
63670	444	63.97	301.80
17219	1183	152.36	967.85
80490	439	54.53	320.71
20938	1043	122.05	882.73
68108	534	52.83	368.46
35796	585	102.63	365.12
32598	630	28.13	529.02
101066	350	35.06	255.60
93191	1394	125.93	257.02
73019	431	54.97	317.17
88303	707	62.56	246.18
84231	668	63.87	331.01
38531	1366	133.88	619.50
3146	1702	171.39	1377.46
57900	494	47.38	370.92
60479	512	31.79	342.87
31511	1012	74.32	527.58
63015	575	73.93	467.50
68029	956	219.65	564.13
7127	1444	145.49	798.16
65239	718	76.90	411.14
53341	2313	249.98	791.68
21650	1208	126.47	846.73
45275	795	64.46	654.70
85806	1080	87.15	394.80
91487	551	41.79	229.05
44022	866	128.33	529.46
15336	777	69.91	715.20
76601	912	94.46	282.16
43265	1232	131.06	482.01
4174	1825	232.00	1342.26
99736	344	49.39	229.31
66860	1243	96.20	345.43
81876	477	36.72	253.73
84840	356	30.09	241.61
94998	384	35.16	225.29
77808	309	12.91	261.15
44116	755	96.79	568.95
30694	835	111.02	563.63
114281	625	81.01	424.24
26044	1095	118.81	620.79
82570	416	34.55	233.05
99389	419	57.16	262.34
5560	1910	201.97	1225.38
102374	449	45.02	317.70
96703	364	29.10	247.89
46335	941	92.01	560.98
41414	1177	96.38	569.27
7192	1339	203.61	1094.41
80607	494	69.51	272.65
98103	563	45.58	186.65
24645	1569	130.01	611.57
73336	1123	97.60	351.98
6863	1325	156.48	1030.70
101494	426	49.92	335.55
7999	1359	218.02	953.73
41638	773	65.23	457.24
48422	1048	94.02	420.41
35676	593	53.71	503.42
12786	1600	152.48	793.39
72039	1702	168.90	546.13
86467	934	101.13	281.05
12503	1764	112.49	868.30
58444	496	41.98	382.15
610	2792	591.83	2195.93
102673	246	19.49	163.82
17368	1399	165.75	904.52
84291	546	72.88	383.57
64707	789	83.18	484.84
53973	527	100.84	384.13
28258	1387	170.29	680.86
31859	1259	76.73	552.25
52278	715	81.32	514.82
23681	947	43.71	602.22
33798	940	113.82	497.22
108604	328	38.15	192.52
23743	1648	338.54	829.44
108683	434	81.85	238.88
76117	628	52.29	449.39
87828	362	49.29	228.38
50408	1220	141.75	551.63
57491	514	35.77	386.52
31291	898	68.51	520.30
16404	1664	261.62	1049.21
84699	409	49.22	302.43
79481	309	19.84	258.54
36409	1763	228.65	742.78
62604	534	50.18	420.06
31322	1282	109.96	518.72
104072	397	47.05	213.39
81841	789	63.31	326.93
41608	860	67.95	478.37
41859	1239	104.35	506.11
1997	2045	256.28	1741.53
43976	574	64.03	343.65
19380	1515	126.45	838.78
11533	1555	159.17	1026.17
108655	291	44.90	164.94
102027	554	34.77	298.81
51857	576	78.09	424.45
3664	2011	338.17	1442.33
77538	1000	143.99	620.25
68322	713	54.61	334.79
24712	828	110.75	687.22
62016	1330	160.83	497.42
26641	898	84.73	521.32
104000	1070	93.61	214.25
28189	821	76.24	525.48
71165	887	71.92	352.84
39556	1159	123.05	519.18
38002	1142	76.11	488.09
18235	1061	112.89	486.14
42968	627	49.17	434.86
53121	887	52.72	603.45
20005	1056	101.92	878.23
24411	917	89.51	688.69
44714	620	49.10	474.55
44961	705	63.51	582.29
36153	868	76.08	638.64
78139	478	48.96	328.36
31476	1311	123.56	692.55
12890	1164	98.19	748.97
12446	1014	115.11	790.52
57208	605	57.80	442.40
28421	998	111.85	747.77
6877	1671	197.94	1402.07
38372	764	116.22	588.55
33782	1627	162.87	535.90
12171	1674	162.09	776.99
90721	346	35.78	214.96
67316	1449	121.87	352.85
38874	2369	218.71	510.63
18841	1135	122.26	765.99
74245	589	38.59	316.47
81405	591	49.07	253.75
28859	1765	149.54	904.51
41165	1187	83.70	464.11
33317	1224	122.36	595.92
107984	1651	148.88	633.66
12776	1300	140.02	934.19
36399	1345	170.36	768.94
79596	524	48.39	287.18
89090	732	76.63	312.69
65290	1074	80.74	325.34
89116	664	106.81	397.68
10656	1059	86.66	940.22
28385	696	60.58	531.06
46033	682	83.26	445.59
20575	1168	140.89	802.50
120109	768	132.67	343.21
76532	461	32.10	305.43
18012	1191	88.97	734.95
47192	1030	115.29	482.11
9563	2076	395.33	634.16
108225	264	34.24	162.28
61341	707	67.94	352.34
55553	1268	127.74	463.63
76375	373	76.43	272.93
37784	1082	147.96	529.10
23533	1088	106.60	678.06
80665	524	94.60	244.12
18979	1368	121.18	742.04
42401	1026	80.04	547.02
34104	1034	125.53	522.61
71025	403	44.01	316.58
110988	871	78.79	201.18
12273	2505	184.33	879.82
31019	743	34.88	544.40
41555	783	63.45	454.75
38726	636	80.24	438.06
70662	615	66.15	347.99
14187	1398	198.97	976.10
59321	598	66.07	359.88
28665	1516	163.68	742.77
62598	566	60.89	380.94
88842	511	69.74	349.88
3720	1743	135.93	1174.44
108277	189	17.60	145.98
89715	238	18.91	198.03
27931	1318	142.16	590.93
55947	991	192.27	605.70
25367	1010	123.31	717.71
54689	1490	218.84	1056.14
5390	1291	104.68	1130.88
52088	868	77.39	515.51
5300	1792	199.63	1120.77
98066	608	70.37	346.93
48783	1700	316.27	1058.04
27773	591	28.19	552.06
21580	1096	101.67	512.29
21113	865	59.12	700.58
42408	573	37.27	460.37
52229	698	72.61	353.08
10666	1622	189.25	1004.56
98871	651	45.64	210.63
87581	398	51.97	267.90
39240	1858	212.07	572.80
96430	262	14.88	173.09
98672	380	46.23	232.27
23551	1622	180.56	654.54
108196	146	9.39	136.77
25901	1797	196.43	518.10
43393	877	158.57	554.98
24617	708	75.00	609.49
9609	1423	114.41	884.61
26453	1466	137.67	739.04
101455	942	84.49	203.58
50336	576	33.73	444.33
79105	572	58.78	354.66
40853	566	39.27	495.91
67848	626	53.26	413.46
36494	2172	325.23	1400.66
98198	506	39.11	294.84
89947	520	71.08	378.10
10237	1225	111.22	843.98
43132	579	51.58	478.96
82322	569	60.26	321.99
61383	1532	140.55	520.62
14507	1045	97.28	743.46
26021	1326	119.81	918.34
64505	732	56.82	321.07
26905	654	88.98	516.00
40337	718	48.91	443.00
20110	2071	223.77	1066.72
44787	669	43.16	423.04
77491	1113	123.33	268.25
115762	230	23.62	130.90
8413	1239	141.01	994.89
69365	549	54.84	420.57
35370	968	159.14	809.92
25643	1213	177.12	820.82
49963	729	97.04	492.00
59214	565	53.44	467.11
103500	360	32.77	302.73
41324	1980	195.16	665.56
76234	601	62.42	329.41
30346	1199	132.67	762.78
14025	1209	118.46	801.58
7363	1753	205.63	1005.96
82148	676	57.50	269.91
73202	936	194.21	531.17
37793	1003	120.11	665.19
46740	684	85.02	585.36
108031	1179	112.47	290.00
5171	3155	739.03	1776.73
79949	1852	179.78	320.88
38877	865	135.07	583.91
72009	663	88.36	292.93
21220	715	73.53	585.33
46157	1231	157.68	688.73
10724	1588	106.01	937.93
8059	1343	134.70	899.21
58648	521	37.18	368.47
93624	549	71.76	304.10
11390	1056	75.77	849.50
23603	731	76.65	595.89
43752	877	100.39	522.05
6367	3024	723.59	1318.84
34106	736	62.97	430.93
111118	254	16.99	111.65
99355	579	71.05	381.19
16703	1284	182.42	944.76
15489	896	116.55	741.76
46423	656	64.59	439.19
84872	374	20.40	253.80
63582	783	74.34	350.73
2567	1861	261.06	1377.72
75810	1087	114.51	577.40
58169	1384	156.39	570.59
93187	300	34.95	197.61
19798	963	80.92	694.27
52007	1075	93.71	536.09
94134	3426	339.10	353.04
15858	1321	107.41	825.64
20937	1716	205.88	705.33
46794	467	22.88	399.71
80337	638	54.02	266.18
26000	1637	189.65	856.22
51347	589	56.84	457.05
23244	1386	160.80	957.25
12632	1100	129.07	912.82
65570	781	70.59	305.12
119372	205	15.72	130.56
33643	765	71.35	664.91
20889	932	136.07	736.64
71582	824	83.10	677.60
94766	262	18.22	181.17
112611	215	21.74	141.35
109520	208	12.39	140.73
53899	491	42.69	376.97
40793	733	93.35	500.11
82580	797	69.79	302.83
34335	1000	99.43	566.40
103854	325	23.21	212.52
62559	577	66.62	284.41
7080	1805	161.34	1171.01
20636	1167	179.44	764.73
36637	2977	266.81	471.14
484	3035	410.11	2511.56
98097	477	38.63	180.73
35347	1167	103.13	515.66
55388	1875	204.61	490.77
26657	1035	130.32	637.92
107122	936	100.07	366.88
5074	1338	173.59	1176.45
78293	625	56.23	339.45
93494	644	85.41	344.07
81496	572	60.01	421.32
10084	1000	120.47	810.48
26551	1497	194.62	1015.84
78028	862	84.56	281.93
51307	895	107.00	535.70
82694	564	80.50	387.70
4338	1443	116.01	1131.57
111967	232	22.98	161.55
45012	489	21.23	415.20
28286	1151	121.95	717.57
87390	714	67.64	283.27
73146	416	42.08	318.80
23548	1055	84.72	675.81
8568	1271	155.48	847.15
118570	222	19.04	131.21
44633	1631	129.71	451.72
76164	811	66.95	470.60
39448	548	39.56	498.51
70306	1108	182.52	552.66
72882	389	26.41	277.93
52639	1205	127.84	418.97
41596	1127	125.56	724.16
51874	448	28.07	352.21
50215	1014	66.94	440.55
16098	1159	147.45	743.06
63890	542	55.04	369.62
60589	576	44.36	301.49
73262	348	31.78	239.96
93746	786	62.35	190.14
105787	365	35.46	249.45
111911	217	14.56	121.74
110661	332	32.30	117.82
96385	380	70.15	211.60
31431	907	119.23	661.64
16677	898	96.86	750.06
76469	554	59.08	330.57
82126	573	63.69	337.99
13721	1049	98.82	939.25
89858	1180	115.69	239.12
64334	2308	199.53	379.23
8904	1683	169.99	1006.16
9651	1203	102.02	887.35
71936	405	27.11	333.73
87189	1058	114.75	245.09
40266	846	54.18	441.42
107021	572	55.53	196.07
40482	715	74.09	518.36
23168	1083	110.48	596.18
22064	2180	151.00	1045.55
115797	341	30.29	212.96
104490	298	19.48	152.01
13177	1215	179.12	866.74
14004	1506	111.44	983.83
37480	1080	178.73	645.47
23270	610	66.46	539.29
64129	1196	120.03	531.28
23109	635	51.45	585.33
84276	1248	209.77	320.32
28124	1598	316.06	739.05
103567	494	69.21	344.21
98854	861	91.97	527.19
56438	512	51.62	380.38
27929	772	67.66	554.05
47983	958	100.18	400.01
31103	1045	124.80	590.55
19339	1173	121.77	682.35
32086	883	93.38	672.09
77026	444	38.02	321.68
40771	1893	140.60	567.20
119017	583	101.36	303.79
58966	1032	95.32	371.26
77991	314	11.75	295.39
5992	3435	362.00	1358.17
107993	263	25.35	122.27
55084	631	55.84	411.63
32812	1338	108.96	623.45
116058	301	48.08	145.24
22571	1485	111.12	610.00
75497	516	54.48	330.19
46376	651	78.09	430.07
41083	846	112.81	600.22
68638	946	113.09	410.05
108369	216	30.46	151.13
67940	337	28.33	282.55
67997	461	52.13	329.91
64602	554	52.42	320.90
7959	1716	227.90	1163.08
111440	362	39.27	165.87
32000	650	79.46	511.96
11190	2135	186.22	905.37
60021	577	65.60	299.11
52725	1126	90.64	523.85
22825	1096	123.32	798.19
36329	792	81.45	588.65
96830	693	53.19	211.93
84363	687	50.52	366.40
77568	470	56.32	313.73
55970	350	25.16	328.16
88572	1229	147.17	231.45
94871	330	46.14	224.73
77841	816	84.16	528.82
66609	540	74.28	376.73
18676	956	109.92	279.97
43652	697	52.34	498.53
82369	882	71.29	247.05
13653	1221	108.92	786.18
42619	702	68.83	441.75
52909	541	75.79	412.76
19530	1334	121.48	694.26
54848	1768	141.54	480.48
15263	1104	256.19	604.60