102027	64.3
16703	627.0
19380	968.15
68029	98.15
6863	124.7
37784	137.35
33798	70.1
31476	50.4
67848	125.6
53341	159.75
26551	137.8
47192	82.2
11533	273.4
42619	58.75
21220	69.5
2567	157.75
63015	205.5
9651	269.3
36637	246.25
62016	32.65
15489	309.95
77568	31.95
23548	260.5
23681	354.0
107021	24.7
114281	112.3
99355	270.95
101066	44.35
42968	103.2
98854	19.65
62604	101.05
18841	91.5
51874	115.75
52229	371.55
80607	72.9
14782	89.25
78139	68.1
14025	89.85
20636	94.1
76375	36.55
26657	237.9
38372	92.35
33782	194.25
93746	83.55
111967	15.7
89090	84.55
65290	124.8
30346	75.2
12890	156.65
78293	113.15
81405	89.2
18979	229.95
101494	38.25
73202	66.1
57208	149.1
51307	147.1
88842	12.8
107122	46.6
46033	74.4
34104	160.65
19530	267.45
77491	36.3
15263	53.95
55970	256.15
76117	48.65
25367	91.75
34335	127.05
76234	214.75
104000	48.2
50336	172.1
71025	108.1
120109	33.35
70662	76.6
14187	82.4
28665	65.55
108655	22.05
27931	140.8
40853	245.7
50215	209.15
22064	273.45
31103	34.0
14004	283.45
19798	148.35
10666	25.35
98103	63.8
11190	138.3
41859	85.85
77808	182.9
24411	44.85
52639	137.65
58444	89.95
110988	11.0
98097	39.4
46740	175.25
87189	32.3
63670	81.85
81876	113.3
93187	45.8
17219	489.85
89947	37.85
21650	76.6
72882	116.15
79949	54.25
27929	180.25
103854	19.0
610	166.5
93624	27.85
33643	69.25
23603	116.75
44787	80.85
64129	150.5
94998	78.2
53899	47.9
89858	32.75
71582	108.45
35370	95.85
105787	135.85
21113	247.6
110661	44.2
58169	81.35
62598	64.1
75810	50.95
16404	234.9
82148	71.35
98198	90.7
67316	79.75
48422	174.7
40266	412.9
88303	64.7
36329	118.3
19189	100.3
35796	34.65
71430	28.95
38726	65.9
96385	41.6
60589	117.5
37793	82.75
57491	87.5
69365	55.75
43393	31.65
24645	145.65
72039	96.7
77538	37.9
40771	250.35
75497	78.8
26000	52.15
4338	773.05
5560	63.3
66860	109.2
8413	182.75
25643	147.15
41324	155.55
77356	80.8
96830	55.0
41165	165.65
74245	149.2
79481	101.0
84872	80.8
107993	45.15
104490	33.95
70306	221.5
31431	115.3
108196	80.2
20005	552.7
79105	162.15
41083	58.8
28859	583.6
20575	128.6
35676	102.6
54848	266.95
88190	130.4
13177	138.4
24617	56.85
91487	70.75
36409	155.05
42401	170.2
3664	493.6
53973	64.95
58153	51.5
108604	29.4
10084	81.45
104072	48.3
59214	92.35
61383	551.55
39240	38.45
46335	55.05
85806	214.9
98672	35.6
27773	613.6
41414	451.2
1997	583.4
5390	651.55
52909	22.25
84276	42.7
26641	191.7
13721	198.4
94134	19.55
38002	264.6
99389	65.7
28258	46.55
63890	102.8
67997	61.55
41555	92.5
18012	240.3
20937	128.6
96430	80.15
36494	66.2
46376	101.25
111118	41.75
8568	302.2
10237	258.0
81841	52.0
32598	470.4
42408	96.5
87390	55.85
84185	284.1
43132	85.05
52725	161.7
12446	92.0
23533	90.5
32000	153.05
53121	175.8
108277	26.4
64707	439.55
94871	29.05
73019	49.85
39556	89.05
45275	116.7
56438	61.25
32086	138.05
36153	168.1
31511	359.3
25901	1062.9
77991	147.8
15858	31.05
35347	67.3
20938	481.05
62559	111.15
108683	86.2
53371	148.3
65570	71.6
26044	25.85
98871	145.15
52088	153.55
89715	60.75
23270	102.5
64505	335.65
37480	76.15
76164	53.05
40337	72.15
484	78.6
109520	35.35
9609	289.6
26453	484.25
90721	31.3
23168	76.55
82322	145.85
18676	92.2
51857	87.0
12776	71.4
93191	54.25
116058	27.2
23109	118.7
82694	101.5
80337	99.2
16677	562.55
89116	58.4
68108	54.75
44022	15.05
30694	245.25
73262	38.4
77841	73.5
44714	163.85
7192	46.55
24712	85.3
55388	82.6
84291	13.0
39448	142.55
46423	55.85
26021	150.0
43265	540.55
16098	184.1
43752	48.05
58966	55.2
44633	241.5
67940	88.15
23743	124.45
101455	59.95
15336	601.7
47983	116.55
32812	85.4
79596	68.5
111911	47.0
108225	48.8
43652	178.65
103500	108.85
38874	28.95
20110	44.4
31859	338.45
45012	307.4
8059	35.1
20889	160.65
88572	28.8
12273	423.65
64602	204.1
3720	901.5
41608	117.25
81496	69.15
6877	281.7
38877	41.25
22571	470.45
111440	19.4
46794	303.15
93494	57.7
51347	54.35
6367	137.6
80490	52.85
102374	25.45
13653	112.8
98066	69.95
23551	60.95
87828	23.85
84699	40.2
52278	148.0
68322	94.1
43976	89.65
50408	184.6
73336	324.15
64334	68.8
41596	80.2
49963	62.95
63486	126.05
44116	87.25
26905	86.55
78028	61.3
40793	62.9
7363	63.35
63582	97.05
82570	201.5
96703	117.05
84363	158.6
72009	30.9
71165	111.5
55084	134.55
4174	50.15
40482	147.95
115797	42.55
55553	153.55
12503	180.95
101792	86.75
7999	267.1
82369	90.9
7959	364.85
107984	27.35
82126	31.6
60021	54.8
99736	28.6
57900	34.95
115762	56.75
88540	58.55
17368	43.95
76469	92.5
34106	136.7
23244	282.25
65239	10.2
76601	98.85
84840	93.8
61341	346.25
8904	74.65
108031	36.85
10724	1102.45
86467	44.7
77026	56.75
71936	141.35
55947	37.15
84231	51.9
22825	197.4
46157	36.9
80665	23.25
7080	344.55
5171	118.0
21580	34.55
12171	327.45
76532	124.35
11390	407.85
19339	113.55
28286	101.75
82580	76.1
68638	156.2
7127	139.95
5300	500.5
12632	104.15
112611	66.6
54689	137.35
73146	72.2
44961	88.45
94766	52.85
5074	151.35
52007	100.6
60479	161.75
28124	170.15
58648	377.2
108369	35.4
12786	126.15
31291	280.45
66609	72.2
41638	157.2
31322	106.7
118570	29.7
3146	970.85
14507	264.65
9563	35.95
28421	466.35
31019	297.6
119017	60.2
119372	29.85
28189	208.1
87581	57.65
38531	92.8
18235	188.95
10656	156.65
103567	36.6
33317	110.0
5992	107.5
59321	29.4
102673	30.15
28385	384.65
48783	96.05
36399	461.1