a32;46	31	a370;47	369	44
a380;38	379	a676;25	675	39
a11;45	10	a31;13	30	36
a10;40	9	a368;23	367	34
a432;8	431	a554;15	553	33
a368;23	367	a380;38	379	26
a370;47	369	a381;9	380	23
a405;11	404	a678;51	677	22
a669;33	668	a683;12	682	21
a370;47	369	a689;7	688	13
a14;4	13	a411;6	410	13
a12;14	11	a372;37	371	12
a372;37	371	a679;4	678	11
a14;4	13	a702;4	701	9
a140;7	139	a371;29	370	9
a432;8	431	a669;33	668	9
a370;47	369	a76;7	75	8
a371;29	370	a54;4	53	7
a28;4	27	a9;19	8	7
a387;8	386	a669;33	668	7
a387;8	386	a672;4	671	7
a11;45	10	a438;11	437	6
a407;2	406	a709;3	708	6
a26;4	25	a680;5	679	6
a397;3	396	a670;33	669	6
a670;33	669	a87;2	86	5
a379;2	378	a762;3	761	5
a18;3	17	a47;3	46	5
a732;2	731	a9;19	8	5
a429;2	428	a538;2	537	5
a372;37	371	a55;4	54	4
a670;33	669	a692;8	691	4
a500;2	499	a694;2	693	4
a461;2	460	a91;3	90	4
a409;2	408	a59;3	58	4
a400;3	399	a437;2	436	4
a40;3	39	a684;2	683	4
a450;2	449	a55;4	54	4
a120;3	119	a689;7	688	4
a411;6	410	a683;12	682	4
a139;3	138	a468;3	467	4
a680;5	679	a684;2	683	4
a71;2	70	a789;2	788	4
a21;2	20	a59;3	58	3
a448;3	447	a730;4	729	3
a43;3	42	a670;33	669	3
a18;3	17	a63;2	62	3
a484;2	483	a719;2	718	3
a418;2	417	a4;2	3	3
a11;45	10	a400;3	399	3
a50;2	49	a71;2	70	3
a26;4	25	a684;2	683	3
a708;2	707	a829;2	828	3
a475;3	474	a7;2	6	3
a36;4	35	a903;4	902	3
a429;2	428	a696;2	695	3
a466;2	465	a729;2	728	3
a15;2	14	a425;2	424	3
a372;37	371	a75;2	74	3
a412;2	411	a671;2	670	3
a391;3	390	a59;3	58	3
a424;3	423	a441;2	440	3
a670;33	669	a736;2	735	3
a412;2	411	a470;2	469	3
a499;2	498	a683;12	682	3
a401;2	400	a419;3	418	3
a679;4	678	a680;5	679	3
a148;2	147	a729;2	728	3
a669;33	668	a702;4	701	3
a677;2	676	a73;4	72	2
a686;2	685	a781;2	780	2
a462;2	461	a56;2	55	2
a12;14	11	a55;4	54	2
a66;2	65	a675;3	674	2
a14;4	13	a683;12	682	2
a26;4	25	a40;3	39	2
a135;2	134	a55;4	54	2
a61;2	60	a730;4	729	2
a464;2	463	a722;2	721	2
a678;51	677	a779;3	778	2
a58;2	57	a752;3	751	2
a476;3	475	a677;2	676	2
a437;2	436	a671;2	670	2
a533;2	532	a669;33	668	2
a34;2	33	a459;3	458	2
a148;2	147	a177;3	176	2
a370;47	369	a710;2	709	2
a423;2	422	a682;3	681	2
a423;2	422	a431;3	430	2
a386;2	385	a398;2	397	2
a11;45	10	a379;2	378	2
a450;2	449	a752;3	751	2
a418;2	417	a6;3	5	2
a383;3	382	a746;2	745	2
a387;8	386	a683;12	682	2
a393;2	392	a407;2	406	2
a515;2	514	a74;3	73	2
a459;3	458	a743;2	742	2
a401;2	400	a673;2	672	2
a33;2	32	a726;2	725	2
a469;2	468	a793;2	792	2
a434;2	433	a673;2	672	2
a736;2	735	a78;2	77	2
a400;3	399	a671;2	670	2
a370;47	369	a726;2	725	2
a46;2	45	a55;4	54	2
a120;3	119	a383;3	382	2
a11;45	10	a439;2	438	2
a450;2	449	a58;2	57	2
a431;3	430	a682;3	681	2
a670;33	669	a80;2	79	1
a139;3	138	a710;2	709	1
a424;3	423	a429;2	428	1
a403;2	402	a675;3	674	1
a10;40	9	a380;38	379	1
a59;3	58	a67;2	66	1
a11;45	10	a762;3	761	1
a177;3	176	a781;2	780	1
a117;2	116	a15;2	14	1
a134;2	133	a770;2	769	1
a139;3	138	a7;2	6	1
a468;3	467	a693;2	692	1
a426;3	425	a80;2	79	1
a56;2	55	a669;33	668	1
a401;2	400	a47;3	46	1
a125;2	124	a737;2	736	1
a21;2	20	a391;3	390	1
a670;33	669	a693;2	692	1
a495;2	494	a73;4	72	1
a461;2	460	a70;3	69	1
a482;2	481	a551;2	550	1
a436;2	435	a63;2	62	1
a33;2	32	a370;47	369	1
a509;2	508	a674;2	673	1
a60;2	59	a684;2	683	1
a158;2	157	a370;47	369	1
a40;3	39	a551;2	550	1
a21;2	20	a67;2	66	1
a468;3	467	a7;2	6	1
a386;2	385	a97;2	96	1
a391;3	390	a67;2	66	1
a1;2	0	a678;51	677	1
a371;29	370	a395;2	394	1
a436;2	435	a682;3	681	1
a57;2	56	a698;2	697	1
a558;2	557	a674;2	673	1
a419;3	418	a434;2	433	1
a431;3	430	a436;2	435	1
a177;3	176	a686;2	685	1
a419;3	418	a47;3	46	1
a43;3	42	a699;3	698	1
a422;2	421	a750;2	749	1
a117;2	116	a793;2	792	1
a50;2	49	a762;3	761	1
a495;2	494	a677;2	676	1
a670;33	669	a724;2	723	1
a11;45	10	a47;3	46	1
a447;2	446	a670;33	669	1
a669;33	668	a79;2	78	1
a125;2	124	a551;2	550	1
a423;2	422	a470;2	469	1
a177;3	176	a466;2	465	1
a33;2	32	a399;2	398	1
a551;2	550	a737;2	736	1
a39;3	38	a43;3	42	1
a447;2	446	a719;2	718	1
a482;2	481	a737;2	736	1
a139;3	138	a819;2	818	1
a429;2	428	a786;2	785	1
a472;3	471	a757;2	756	1
a34;2	33	a743;2	742	1
a379;2	378	a50;2	49	1
a569;2	568	a72;2	71	1
a18;3	17	a436;2	435	1
a420;2	419	a66;2	65	1
a43;3	42	a709;3	708	1
